2.4022699207002773 11.048226537069143
0.6384316965448855 1.8935089528397904
4.123890836546527 61.79922577957181
5.055135225935384 156.82573581718907
8.32642608612132 4131.625062315508
3.629005751544425 37.67533934145377
6.038374654915204 419.2111181314256
1.266922063368906 3.549909333737433
2.2786392672458344 9.763386007384192
2.0208379930655553 7.544644645249651
4.151999453041758 63.5609604861404
9.905065164790456 20031.57714678414
3.990609997996514 54.08787279643129
1.025240675304575 2.787766326341876
5.828350820310346 339.79782904937537
1.2340176367389233 3.435002442507806
1.690464001906653 5.421995938002753
8.869737924886952 7113.4164794337385
1.9610485891525231 7.106775246866178
9.028511746538943 8337.442107227833
0.7613940386118834 2.1412591387796245
7.045010684870949 1147.121092591213
7.110724474424115 1225.0347310128122
3.8098042882904 45.141603261382876
6.08486191257395 439.1591661270413
4.640330365051154 103.57856066805968
0.7847906184741449 2.191947939277559
4.353123149472314 77.72081800443485
4.167056731963786 64.52525722033415
1.7697955448592695 5.869653157930455
0.3846771525207915 1.4691399367431306
0.7090162104078079 2.0319912231842303
7.7982963214576015 2436.447516342822
8.372710436316606 4327.34918607766
2.8638877914645775 17.52954584795903
9.794544080476538 17935.62218509151
9.771685221794085 17530.284757508216
5.921468659198855 372.959061600779
8.785340045360828 6537.695715986313
3.409510751183639 30.250440646089718
1.0610488939445584 2.88940007463729
6.581087238315087 721.3231532399717
9.969484256244478 21364.463919699752
0.5029270684204901 1.6535542604609923
5.205964801978402 182.35672605341247
8.620153908564808 5542.239326139708
0.7590670122474019 2.1362821653305937
8.066243353492853 3185.1139788141663
3.4208072905045848 30.59410338352689
3.2724027115263423 26.37463391042241
