-8.981360365400707 -0.429029046665672
9.857016243207234 -0.4189042785627197
7.074411495843659 0.7112157853269208
0.7884466536369654 0.7092591002958961
7.8657482357262545 0.999930774340321
-0.6921976353830104 -0.6382305612794604
8.216410826351236 0.935038321286751
-7.404088321315337 -0.9004935025442568
-1.6486657069461188 -0.9969697114967546
-2.416188112154723 -0.6634381874230945
5.679149053127837 -0.5679691291827215
9.473747888436346 -0.04895035792659559
0.41789802514820273 0.40584026367958975
-3.1936935286613632 0.052077306956076506
3.7942066734650037 -0.6072653145894487
0.245637364341583 0.24317460641685695
-0.24878770979041676 -0.24622917470115896
-3.0496904821780273 -0.09177285827001436
1.0182859322041704 0.851209685907684
9.325628035208869 0.09898755306947307
-4.490559221294237 0.975496508255964
-9.303061816142403 -0.12141583337332659
-6.491562183097372 -0.20687216041524265
5.433502567105016 -0.751070981130521
9.362452069624268 0.06228554798735314
1.4832475578672835 0.9961700537775864
5.758538113062976 -0.500907682108999
-2.524478185590673 -0.578684272531413
-2.4743691491170106 -0.6188073189168202
-4.838269894594253 0.9920874545217672
7.81280018489214 0.999152163957159
-0.02641850471383478 -0.026415431744030028
7.258875782581477 0.8280891635677428
-8.762137030150951 -0.6152010261257906
-6.294387407498849 -0.011201866034309404
-3.3252027002453532 0.1825801207494363
3.1012250578565315 0.04035663317243359
-5.616090917497127 0.6187058885642978
-6.723261794643911 -0.4260086659805512
9.09794971998388 0.3210407849613142
9.53807774218253 -0.11305753507946459
7.274672823450793 0.8368412384558679
-7.53037227858975 -0.9480938549882097
-7.005037149060092 -0.660775765891315
6.076873346239566 -0.204851474111782
6.415372039730624 0.13180211161890296
0.3843469161781883 0.37495377963661597
1.0356987951830536 0.8602188995648591
9.118006953226477 0.30198197354417555
8.865792726153884 0.5303261594157916
